+-----------------------------------------------------------------------------------------------------------------------------------------------------------------------------------------------------------------------------------------------+
; Legal Partition Candidates                                                                                                                                                                                                                    ;
+------------------------------------------+-------+----------------+--------------+----------------+--------+-----------------+---------------+-----------------+-------+----------------+--------------+------------------+-------------------+
; Hierarchy                                ; Input ; Constant Input ; Unused Input ; Floating Input ; Output ; Constant Output ; Unused Output ; Floating Output ; Bidir ; Constant Bidir ; Unused Bidir ; Input only Bidir ; Output only Bidir ;
+------------------------------------------+-------+----------------+--------------+----------------+--------+-----------------+---------------+-----------------+-------+----------------+--------------+------------------+-------------------+
; ram0|altsyncram_component|auto_generated ; 29    ; 0              ; 0            ; 0              ; 16     ; 0               ; 0             ; 0               ; 0     ; 0              ; 0            ; 0                ; 0                 ;
; ram0                                     ; 29    ; 0              ; 0            ; 0              ; 16     ; 0               ; 0             ; 0               ; 0     ; 0              ; 0            ; 0                ; 0                 ;
; instaRam                                 ; 2     ; 0              ; 0            ; 0              ; 33     ; 0               ; 0             ; 0               ; 0     ; 0              ; 0            ; 0                ; 0                 ;
; slc|state_controller                     ; 11    ; 1              ; 1            ; 1              ; 24     ; 1               ; 1             ; 1               ; 0     ; 0              ; 0            ; 0                ; 0                 ;
; slc|memory_subsystem                     ; 62    ; 0              ; 0            ; 0              ; 48     ; 0               ; 0             ; 0               ; 0     ; 0              ; 0            ; 0                ; 0                 ;
; slc|d0|ben                               ; 36    ; 0              ; 13           ; 0              ; 1      ; 0               ; 0             ; 0               ; 0     ; 0              ; 0            ; 0                ; 0                 ;
; slc|d0|addr_adder                        ; 68    ; 0              ; 5            ; 0              ; 32     ; 0               ; 0             ; 0               ; 0     ; 0              ; 0            ; 0                ; 0                 ;
; slc|d0|bus                               ; 68    ; 0              ; 1            ; 0              ; 16     ; 0               ; 0             ; 0               ; 0     ; 0              ; 0            ; 0                ; 0                 ;
; slc|d0|ir|ir_reg                         ; 19    ; 1              ; 0            ; 1              ; 16     ; 1               ; 1             ; 1               ; 0     ; 0              ; 0            ; 0                ; 0                 ;
; slc|d0|ir                                ; 18    ; 0              ; 0            ; 0              ; 16     ; 0               ; 0             ; 0               ; 0     ; 0              ; 0            ; 0                ; 0                 ;
; slc|d0|mar|mar_reg                       ; 19    ; 1              ; 0            ; 1              ; 16     ; 1               ; 1             ; 1               ; 0     ; 0              ; 0            ; 0                ; 0                 ;
; slc|d0|mar                               ; 18    ; 0              ; 0            ; 0              ; 16     ; 0               ; 0             ; 0               ; 0     ; 0              ; 0            ; 0                ; 0                 ;
; slc|d0|mdr|mdr_reg                       ; 19    ; 1              ; 0            ; 1              ; 16     ; 1               ; 1             ; 1               ; 0     ; 0              ; 0            ; 0                ; 0                 ;
; slc|d0|mdr                               ; 18    ; 0              ; 0            ; 0              ; 16     ; 0               ; 0             ; 0               ; 0     ; 0              ; 0            ; 0                ; 0                 ;
; slc|d0|miomux                            ; 33    ; 0              ; 0            ; 0              ; 16     ; 0               ; 0             ; 0               ; 0     ; 0              ; 0            ; 0                ; 0                 ;
; slc|d0|pc|pc_reg                         ; 19    ; 0              ; 0            ; 0              ; 16     ; 0               ; 0             ; 0               ; 0     ; 0              ; 0            ; 0                ; 0                 ;
; slc|d0|pc                                ; 19    ; 0              ; 0            ; 0              ; 32     ; 0               ; 0             ; 0               ; 0     ; 0              ; 0            ; 0                ; 0                 ;
; slc|d0|pcmux|pcmux                       ; 66    ; 16             ; 0            ; 16             ; 16     ; 16              ; 16            ; 16              ; 0     ; 0              ; 0            ; 0                ; 0                 ;
; slc|d0|pcmux                             ; 50    ; 0              ; 0            ; 0              ; 16     ; 0               ; 0             ; 0               ; 0     ; 0              ; 0            ; 0                ; 0                 ;
; slc|d0|alu                               ; 34    ; 0              ; 0            ; 0              ; 16     ; 0               ; 0             ; 0               ; 0     ; 0              ; 0            ; 0                ; 0                 ;
; slc|d0|regfile|to_SR2MUX_0               ; 131   ; 0              ; 0            ; 0              ; 16     ; 0               ; 0             ; 0               ; 0     ; 0              ; 0            ; 0                ; 0                 ;
; slc|d0|regfile|to_ALU_A                  ; 131   ; 0              ; 0            ; 0              ; 16     ; 0               ; 0             ; 0               ; 0     ; 0              ; 0            ; 0                ; 0                 ;
; slc|d0|regfile|reg_7                     ; 19    ; 0              ; 0            ; 0              ; 16     ; 0               ; 0             ; 0               ; 0     ; 0              ; 0            ; 0                ; 0                 ;
; slc|d0|regfile|reg_6                     ; 19    ; 0              ; 0            ; 0              ; 16     ; 0               ; 0             ; 0               ; 0     ; 0              ; 0            ; 0                ; 0                 ;
; slc|d0|regfile|reg_5                     ; 19    ; 0              ; 0            ; 0              ; 16     ; 0               ; 0             ; 0               ; 0     ; 0              ; 0            ; 0                ; 0                 ;
; slc|d0|regfile|reg_4                     ; 19    ; 0              ; 0            ; 0              ; 16     ; 0               ; 0             ; 0               ; 0     ; 0              ; 0            ; 0                ; 0                 ;
; slc|d0|regfile|reg_3                     ; 19    ; 0              ; 0            ; 0              ; 16     ; 0               ; 0             ; 0               ; 0     ; 0              ; 0            ; 0                ; 0                 ;
; slc|d0|regfile|reg_2                     ; 19    ; 0              ; 0            ; 0              ; 16     ; 0               ; 0             ; 0               ; 0     ; 0              ; 0            ; 0                ; 0                 ;
; slc|d0|regfile|reg_1                     ; 19    ; 0              ; 0            ; 0              ; 16     ; 0               ; 0             ; 0               ; 0     ; 0              ; 0            ; 0                ; 0                 ;
; slc|d0|regfile|reg_0                     ; 19    ; 0              ; 0            ; 0              ; 16     ; 0               ; 0             ; 0               ; 0     ; 0              ; 0            ; 0                ; 0                 ;
; slc|d0|regfile|decoder                   ; 4     ; 0              ; 0            ; 0              ; 8      ; 0               ; 0             ; 0               ; 0     ; 0              ; 0            ; 0                ; 0                 ;
; slc|d0|regfile                           ; 41    ; 1              ; 13           ; 1              ; 32     ; 1               ; 1             ; 1               ; 0     ; 0              ; 0            ; 0                ; 0                 ;
; slc|d0|sr1mux                            ; 17    ; 0              ; 10           ; 0              ; 3      ; 0               ; 0             ; 0               ; 0     ; 0              ; 0            ; 0                ; 0                 ;
; slc|d0|drmux                             ; 17    ; 0              ; 13           ; 0              ; 3      ; 0               ; 0             ; 0               ; 0     ; 0              ; 0            ; 0                ; 0                 ;
; slc|d0                                   ; 41    ; 13             ; 0            ; 13             ; 107    ; 13              ; 13            ; 13              ; 0     ; 0              ; 0            ; 0                ; 0                 ;
; slc|hex_drivers[3]                       ; 4     ; 0              ; 0            ; 0              ; 7      ; 0               ; 0             ; 0               ; 0     ; 0              ; 0            ; 0                ; 0                 ;
; slc|hex_drivers[2]                       ; 4     ; 0              ; 0            ; 0              ; 7      ; 0               ; 0             ; 0               ; 0     ; 0              ; 0            ; 0                ; 0                 ;
; slc|hex_drivers[1]                       ; 4     ; 0              ; 0            ; 0              ; 7      ; 0               ; 0             ; 0               ; 0     ; 0              ; 0            ; 0                ; 0                 ;
; slc|hex_drivers[0]                       ; 4     ; 0              ; 0            ; 0              ; 7      ; 0               ; 0             ; 0               ; 0     ; 0              ; 0            ; 0                ; 0                 ;
; slc                                      ; 30    ; 6              ; 0            ; 6              ; 169    ; 6               ; 6             ; 6               ; 0     ; 0              ; 0            ; 0                ; 0                 ;
; button_sync[1]                           ; 2     ; 0              ; 0            ; 0              ; 1      ; 0               ; 0             ; 0               ; 0     ; 0              ; 0            ; 0                ; 0                 ;
; button_sync[0]                           ; 2     ; 0              ; 0            ; 0              ; 1      ; 0               ; 0             ; 0               ; 0     ; 0              ; 0            ; 0                ; 0                 ;
+------------------------------------------+-------+----------------+--------------+----------------+--------+-----------------+---------------+-----------------+-------+----------------+--------------+------------------+-------------------+
